/*--------------------------------*- C++ -*----------------------------------*\
| =========                 |                                                 |
| \\      /  F ield         | OpenFOAM: The Open Source CFD Toolbox           |
|  \\    /   O peration     | Version:  2.1.x                                 |
|   \\  /    A nd           | Web:      www.OpenFOAM.org                      |
|    \\/     M anipulation  |                                                 |
\*---------------------------------------------------------------------------*/
FoamFile
{
    version     2.0;
    format      ascii;
    class       vectorField;
    location    "constant/polyMesh";
    object      points;
}
// * * * * * * * * * * * * * * * * * * * * * * * * * * * * * * * * * * * * * //


125
(
(0 0 0)
(3.8046925 0 0)
(7.609385 0 0)
(11.4140775 0 0)
(15.21877 0 0)
(0 3.8046925 0)
(3.8046925 3.8046925 0)
(7.609385 3.8046925 0)
(11.4140775 3.8046925 0)
(15.21877 3.8046925 0)
(0 7.609385 0)
(3.8046925 7.609385 0)
(7.609385 7.609385 0)
(11.4140775 7.609385 0)
(15.21877 7.609385 0)
(0 11.4140775 0)
(3.8046925 11.4140775 0)
(7.609385 11.4140775 0)
(11.4140775 11.4140775 0)
(15.21877 11.4140775 0)
(0 15.21877 0)
(3.8046925 15.21877 0)
(7.609385 15.21877 0)
(11.4140775 15.21877 0)
(15.21877 15.21877 0)
(0 0 3.8046925)
(3.8046925 0 3.8046925)
(7.609385 0 3.8046925)
(11.4140775 0 3.8046925)
(15.21877 0 3.8046925)
(0 3.8046925 3.8046925)
(3.8046925 3.8046925 3.8046925)
(7.609385 3.8046925 3.8046925)
(11.4140775 3.8046925 3.8046925)
(15.21877 3.8046925 3.8046925)
(0 7.609385 3.8046925)
(3.8046925 7.609385 3.8046925)
(7.609385 7.609385 3.8046925)
(11.4140775 7.609385 3.8046925)
(15.21877 7.609385 3.8046925)
(0 11.4140775 3.8046925)
(3.8046925 11.4140775 3.8046925)
(7.609385 11.4140775 3.8046925)
(11.4140775 11.4140775 3.8046925)
(15.21877 11.4140775 3.8046925)
(0 15.21877 3.8046925)
(3.8046925 15.21877 3.8046925)
(7.609385 15.21877 3.8046925)
(11.4140775 15.21877 3.8046925)
(15.21877 15.21877 3.8046925)
(0 0 7.609385)
(3.8046925 0 7.609385)
(7.609385 0 7.609385)
(11.4140775 0 7.609385)
(15.21877 0 7.609385)
(0 3.8046925 7.609385)
(3.8046925 3.8046925 7.609385)
(7.609385 3.8046925 7.609385)
(11.4140775 3.8046925 7.609385)
(15.21877 3.8046925 7.609385)
(0 7.609385 7.609385)
(3.8046925 7.609385 7.609385)
(7.609385 7.609385 7.609385)
(11.4140775 7.609385 7.609385)
(15.21877 7.609385 7.609385)
(0 11.4140775 7.609385)
(3.8046925 11.4140775 7.609385)
(7.609385 11.4140775 7.609385)
(11.4140775 11.4140775 7.609385)
(15.21877 11.4140775 7.609385)
(0 15.21877 7.609385)
(3.8046925 15.21877 7.609385)
(7.609385 15.21877 7.609385)
(11.4140775 15.21877 7.609385)
(15.21877 15.21877 7.609385)
(0 0 11.4140775)
(3.8046925 0 11.4140775)
(7.609385 0 11.4140775)
(11.4140775 0 11.4140775)
(15.21877 0 11.4140775)
(0 3.8046925 11.4140775)
(3.8046925 3.8046925 11.4140775)
(7.609385 3.8046925 11.4140775)
(11.4140775 3.8046925 11.4140775)
(15.21877 3.8046925 11.4140775)
(0 7.609385 11.4140775)
(3.8046925 7.609385 11.4140775)
(7.609385 7.609385 11.4140775)
(11.4140775 7.609385 11.4140775)
(15.21877 7.609385 11.4140775)
(0 11.4140775 11.4140775)
(3.8046925 11.4140775 11.4140775)
(7.609385 11.4140775 11.4140775)
(11.4140775 11.4140775 11.4140775)
(15.21877 11.4140775 11.4140775)
(0 15.21877 11.4140775)
(3.8046925 15.21877 11.4140775)
(7.609385 15.21877 11.4140775)
(11.4140775 15.21877 11.4140775)
(15.21877 15.21877 11.4140775)
(0 0 15.21877)
(3.8046925 0 15.21877)
(7.609385 0 15.21877)
(11.4140775 0 15.21877)
(15.21877 0 15.21877)
(0 3.8046925 15.21877)
(3.8046925 3.8046925 15.21877)
(7.609385 3.8046925 15.21877)
(11.4140775 3.8046925 15.21877)
(15.21877 3.8046925 15.21877)
(0 7.609385 15.21877)
(3.8046925 7.609385 15.21877)
(7.609385 7.609385 15.21877)
(11.4140775 7.609385 15.21877)
(15.21877 7.609385 15.21877)
(0 11.4140775 15.21877)
(3.8046925 11.4140775 15.21877)
(7.609385 11.4140775 15.21877)
(11.4140775 11.4140775 15.21877)
(15.21877 11.4140775 15.21877)
(0 15.21877 15.21877)
(3.8046925 15.21877 15.21877)
(7.609385 15.21877 15.21877)
(11.4140775 15.21877 15.21877)
(15.21877 15.21877 15.21877)
)


// ************************************************************************* //
